%YAML:1.0
---
calibration_time: "Tue 27 Mar 2018 02:12:20 PM UTC"
nframes: 8
image_width: 800
image_height: 600
board_width: 5
board_height: 4
square_size: 1.
aspectRatio: 1.
flags: 6
camera_matrix: !!opencv-matrix
   rows: 3
   cols: 3
   dt: d
   data: [ 5.7412637265159458e+02, 0., 400., 0., 5.7412637265159458e+02,
       300., 0., 0., 1. ]
distortion_coefficients: !!opencv-matrix
   rows: 5
   cols: 1
   dt: d
   data: [ -3.8096436355263569e-01, 1.2319342585102380e-01,
       2.6128469723134713e-03, 3.1193281630753828e-03,
       2.7840409560895832e-03 ]
avg_reprojection_error: 1.5543396399173307e-01
per_view_reprojection_errors: !!opencv-matrix
   rows: 8
   cols: 1
   dt: f
   data: [ 1.51194528e-01, 1.51092350e-01, 1.52607009e-01,
       1.50139704e-01, 1.30754113e-01, 1.06496699e-01, 1.73800170e-01,
       2.07638010e-01 ]
extrinsic_parameters: !!opencv-matrix
   rows: 8
   cols: 6
   dt: d
   data: [ -2.3791183717996843e-02, -4.2445996769282866e-02,
       -6.6077133309071545e-01, -7.9829383388947928e-01,
       1.9372874900437926e+00, 1.0785304557222585e+01,
       -2.6693591375564745e-02, -1.2237824684387942e-01,
       -5.0139874698988096e-01, -3.4984024374733601e-02,
       1.5336082665465698e+00, 1.0962154961470864e+01,
       4.7176872068983411e-02, 4.7624190414036108e-02,
       -6.4885426906873966e-01, -5.9407871376829513e-01,
       -1.4315230190419599e+00, 1.0866889311755299e+01,
       4.2794766786895616e-02, -9.4136117397851868e-02,
       -6.8665052046350228e-01, -6.7863877588167654e+00,
       -9.3485199221141879e-01, 1.0959859963845762e+01,
       4.4233724115471280e-02, -1.0510624676492650e-01,
       -6.8080369015723041e-01, -8.0063271035788866e+00,
       1.8554466806035628e+00, 1.1495740926474440e+01,
       3.5653947319691279e-02, -1.4805141750337095e-01,
       -7.1511407793888104e-01, -4.3304312190678758e+00,
       1.9231414594407088e+00, 1.1810565291902119e+01,
       4.5501171066566606e-02, -1.6018808808895721e-01,
       -7.1863922740651309e-01, -1.0255802226417161e+00,
       1.4999045035084460e+00, 1.2659869678794914e+01,
       4.0844886923308746e-02, -1.8425583006974650e-01,
       -6.9989157736378349e-01, 1.4864591716260454e+00,
       -3.2695574041883435e-01, 1.3235459009842225e+01 ]
image_points: !!opencv-matrix
   rows: 8
   cols: 20
   dt: "2f"
   data: [ 3.57985809e+02, 4.01752747e+02, 3.99445374e+02,
       3.69909790e+02, 4.40982544e+02, 3.37499329e+02, 4.81935425e+02,
       3.05298920e+02, 5.21317139e+02, 2.73901733e+02, 3.90326355e+02,
       4.41995911e+02, 4.31680603e+02, 4.10495056e+02, 4.72814331e+02,
       3.78416473e+02, 5.13047058e+02, 3.45974457e+02, 5.51539490e+02,
       3.14157043e+02, 4.22100464e+02, 4.80589386e+02, 4.63015259e+02,
       4.49646423e+02, 5.03519287e+02, 4.17897888e+02, 5.42960876e+02,
       3.85573883e+02, 5.80525085e+02, 3.53813019e+02, 4.52658783e+02,
       5.16502319e+02, 4.92748169e+02, 4.86638916e+02, 5.32374573e+02,
       4.55231140e+02, 5.70833252e+02, 4.23307465e+02, 6.07287354e+02,
       3.91496277e+02, 3.98034241e+02, 3.79840668e+02, 4.42946106e+02,
       3.54503418e+02, 4.86453857e+02, 3.29402802e+02, 5.28229370e+02,
       3.05104858e+02, 5.67486816e+02, 2.81929535e+02, 4.22907074e+02,
       4.23960907e+02, 4.67139221e+02, 3.98502319e+02, 5.09915710e+02,
       3.73212494e+02, 5.50566711e+02, 3.48208099e+02, 5.88630310e+02,
       3.24154449e+02, 4.47009766e+02, 4.66357208e+02, 4.90418823e+02,
       4.40992432e+02, 5.32078003e+02, 4.15416626e+02, 5.71751099e+02,
       3.90027649e+02, 6.08614746e+02, 3.65509888e+02, 4.69917236e+02,
       5.05927917e+02, 5.12089600e+02, 4.81076904e+02, 5.52637207e+02,
       4.55319000e+02, 5.90958862e+02, 4.29748749e+02, 6.26633789e+02,
       4.04652252e+02, 3.68781952e+02, 2.25103058e+02, 4.10491852e+02,
       1.93660904e+02, 4.51808655e+02, 1.63077423e+02, 4.92261810e+02,
       1.34015198e+02, 5.30824402e+02, 1.06843971e+02, 4.00430817e+02,
       2.66424774e+02, 4.42363464e+02, 2.34737518e+02, 4.83671295e+02,
       2.03932938e+02, 5.23810913e+02, 1.74195755e+02, 5.61830322e+02,
       1.46267273e+02, 4.32347504e+02, 3.08382446e+02, 4.74286133e+02,
       2.76718903e+02, 5.15207458e+02, 2.45548340e+02, 5.54825623e+02,
       2.15302643e+02, 5.92128845e+02, 1.86843689e+02, 4.63770538e+02,
       3.49616821e+02, 5.05154114e+02, 3.18475555e+02, 5.45674194e+02,
       2.87149872e+02, 5.84454712e+02, 2.56599609e+02, 6.20710022e+02,
       2.27444473e+02, 9.28087921e+01, 2.58238953e+02, 1.22759232e+02,
       2.28147522e+02, 1.55127823e+02, 1.97474380e+02, 1.89559891e+02,
       1.66684677e+02, 2.25303299e+02, 1.36267426e+02, 1.15386650e+02,
       2.92917603e+02, 1.46482040e+02, 2.62758698e+02, 1.79898026e+02,
       2.32055984e+02, 2.15350235e+02, 2.00952255e+02, 2.52110229e+02,
       1.70043228e+02, 1.40487350e+02, 3.29075134e+02, 1.72538651e+02,
       2.99076691e+02, 2.06896729e+02, 2.68284271e+02, 2.43169296e+02,
       2.36989990e+02, 2.80562347e+02, 2.05971420e+02, 1.67907822e+02,
       3.65847595e+02, 2.00494690e+02, 3.36454803e+02, 2.35690994e+02,
       3.05632568e+02, 2.72579376e+02, 2.74294128e+02, 3.10394135e+02,
       2.42988388e+02, 6.73393936e+01, 3.78048981e+02, 9.08852768e+01,
       3.53144562e+02, 1.17252617e+02, 3.26603760e+02, 1.46100800e+02,
       2.98816284e+02, 1.76958862e+02, 2.70129944e+02, 8.99587708e+01,
       4.11443787e+02, 1.14466957e+02, 3.87120850e+02, 1.41695999e+02,
       3.61241241e+02, 1.71493988e+02, 3.33782990e+02, 2.03449524e+02,
       3.05222198e+02, 1.14556686e+02, 4.44970459e+02, 1.39894272e+02,
       4.21504120e+02, 1.67941025e+02, 3.96159485e+02, 1.98564850e+02,
       3.69194000e+02, 2.31142944e+02, 3.41138916e+02, 1.40806366e+02,
       4.77968842e+02, 1.66728882e+02, 4.55655396e+02, 1.95566971e+02,
       4.30928131e+02, 2.26805313e+02, 4.04515717e+02, 2.59909454e+02,
       3.76831543e+02, 2.02415253e+02, 3.88177917e+02, 2.34381699e+02,
       3.58830505e+02, 2.67891449e+02, 3.28569183e+02, 3.02535858e+02,
       2.97975128e+02, 3.37603821e+02, 2.67563965e+02, 2.32207458e+02,
       4.22474457e+02, 2.64562958e+02, 3.93447479e+02, 2.98223724e+02,
       3.63636841e+02, 3.32806732e+02, 3.33065826e+02, 3.67671661e+02,
       3.02440979e+02, 2.62784058e+02, 4.56064484e+02, 2.95367676e+02,
       4.27642639e+02, 3.28943848e+02, 3.98085632e+02, 3.63320923e+02,
       3.67702515e+02, 3.97735291e+02, 3.37372406e+02, 2.93580536e+02,
       4.88145538e+02, 3.26035767e+02, 4.60694885e+02, 3.59536133e+02,
       4.31443542e+02, 3.93440369e+02, 4.01428467e+02, 4.27246765e+02,
       3.71158844e+02, 3.53919281e+02, 3.67500885e+02, 3.87143829e+02,
       3.37764160e+02, 4.20072083e+02, 3.08161041e+02, 4.52555878e+02,
       2.79173279e+02, 4.84079651e+02, 2.51158386e+02, 3.83408997e+02,
       4.00158508e+02, 4.16199829e+02, 3.70545990e+02, 4.48532227e+02,
       3.41129974e+02, 4.80083954e+02, 3.12004822e+02, 5.10607697e+02,
       2.83683380e+02, 4.12304718e+02, 4.31691772e+02, 4.44639252e+02,
       4.02428131e+02, 4.76145966e+02, 3.73062439e+02, 5.06859711e+02,
       3.43954071e+02, 5.36368042e+02, 3.15719696e+02, 4.40183838e+02,
       4.61451233e+02, 4.71864563e+02, 4.32911621e+02, 5.02673187e+02,
       4.03704315e+02, 5.32338623e+02, 3.74755524e+02, 5.60765625e+02,
       3.46422028e+02, 4.64202728e+02, 2.85894867e+02, 4.94647278e+02,
       2.58998810e+02, 5.23511169e+02, 2.33300247e+02, 5.51029724e+02,
       2.09007858e+02, 5.76852295e+02, 1.86217422e+02, 4.90648163e+02,
       3.18629974e+02, 5.20319580e+02, 2.91369476e+02, 5.48337402e+02,
       2.65349243e+02, 5.74635071e+02, 2.40536575e+02, 5.99280701e+02,
       2.17096039e+02, 5.16092834e+02, 3.50577911e+02, 5.45036804e+02,
       3.23124786e+02, 5.72038757e+02, 2.96725891e+02, 5.97383301e+02,
       2.71484192e+02, 6.20898010e+02, 2.47758286e+02, 5.40103210e+02,
       3.81126923e+02, 5.68301514e+02, 3.53831329e+02, 5.94473022e+02,
       3.27131622e+02, 6.18734314e+02, 3.01653931e+02, 6.41265869e+02,
