%YAML:1.0
---
calibration_time: "Tue 27 Mar 2018 12:59:32 PM UTC"
nframes: 6
image_width: 800
image_height: 600
board_width: 9
board_height: 6
square_size: 2.5000000372529030e-02
aspectRatio: 1.
flags: 2
camera_matrix: !!opencv-matrix
   rows: 3
   cols: 3
   dt: d
   data: [ 6.6966726489424332e+02, 0., 4.0839712746153862e+02, 0.,
       6.6966726489424332e+02, 3.0442523435748359e+02, 0., 0., 1. ]
distortion_coefficients: !!opencv-matrix
   rows: 5
   cols: 1
   dt: d
   data: [ -5.5567311295666777e-01, 4.3206170372758407e-01,
       2.9431144091755334e-04, -2.3178189577757525e-03,
       -3.0753309024619441e-01 ]
avg_reprojection_error: 4.4029059671015724e-01
per_view_reprojection_errors: !!opencv-matrix
   rows: 6
   cols: 1
   dt: f
   data: [ 3.68336231e-01, 2.40703851e-01, 3.56026590e-01,
       5.95894396e-01, 4.24656391e-01, 5.54388702e-01 ]
extrinsic_parameters: !!opencv-matrix
   rows: 6
   cols: 6
   dt: d
   data: [ -1.3177427281084270e-01, 4.2634817121983753e-03,
       -3.1128407815936998e+00, 1.4729098851633735e-01,
       -2.6530309133375950e-03, 3.3351890288329478e-01,
       2.9713623506597714e-01, -8.7256878727215256e-02,
       -3.0490672327583765e+00, -1.3490225673935690e-02,
       4.3189766537681001e-02, 4.2724951595897909e-01,
       -1.0044584665733143e-02, -1.8012956340620837e-01,
       -3.0251140348004664e+00, 9.1335878504213194e-02,
       1.1271104523559347e-01, 3.6284955185572626e-01,
       2.6385378833704792e-01, 7.0952657142758024e-01,
       -2.8713367083261576e+00, 1.1578040486240807e-01,
       8.6202502677799719e-02, 4.0270852777452182e-01,
       5.1512360672089003e-02, 1.4075319414551596e-01,
       -3.0806423251096176e+00, 1.7428580175656860e-01,
       8.3574391779668467e-02, 3.0971952581192663e-01,
       6.3530255921074946e-02, -7.4219869443442132e-01,
       -3.0230565952549666e+00, 1.5483709162090836e-01,
       5.8864238254968462e-02, 3.5038909653138778e-01 ]
image_points: !!opencv-matrix
   rows: 6
   cols: 54
   dt: "2f"
   data: [ 6.74696472e+02, 2.99430817e+02, 6.35026062e+02,
       2.98110046e+02, 5.92419006e+02, 2.96745880e+02, 5.47193237e+02,
       2.95421997e+02, 5.00474304e+02, 2.94230988e+02, 4.52628845e+02,
       2.92968445e+02, 4.04328339e+02, 2.91779510e+02, 3.56675751e+02,
       2.90752930e+02, 3.10339386e+02, 2.89804108e+02, 6.75381653e+02,
       2.54444168e+02, 6.35699341e+02, 2.52031036e+02, 5.93192932e+02,
       2.49921066e+02, 5.48085754e+02, 2.47813339e+02, 5.01446106e+02,
       2.46264328e+02, 4.53782379e+02, 2.44916962e+02, 4.05455750e+02,
       2.43895264e+02, 3.58133179e+02, 2.43229965e+02, 3.11669647e+02,
       2.42838272e+02, 6.74433899e+02, 2.09992844e+02, 6.35071289e+02,
       2.06557404e+02, 5.92959595e+02, 2.03566315e+02, 5.48136780e+02,
       2.01060242e+02, 5.01914703e+02, 1.99005005e+02, 4.54539612e+02,
       1.97504837e+02, 4.06692566e+02, 1.96627625e+02, 3.59544006e+02,
       1.96430450e+02, 3.13688507e+02, 1.96597488e+02, 6.72123352e+02,
       1.66869476e+02, 6.33443298e+02, 1.62446106e+02, 5.91622498e+02,
       1.58644958e+02, 5.47561279e+02, 1.55562759e+02, 5.01624268e+02,
       1.53368240e+02, 4.55309906e+02, 1.51738129e+02, 4.07634186e+02,
       1.51024017e+02, 3.61576050e+02, 1.51198120e+02, 3.15647034e+02,
       1.51934464e+02, 6.68063416e+02, 1.26409103e+02, 6.29804932e+02,
       1.21276436e+02, 5.89073242e+02, 1.16717300e+02, 5.45734497e+02,
       1.13275955e+02, 5.01057312e+02, 1.10603867e+02, 4.55335968e+02,
       1.08863785e+02, 4.09094147e+02, 1.08302216e+02, 3.63434967e+02,
       1.08774933e+02, 3.19199036e+02, 1.10068703e+02, 6.62779419e+02,
       8.84870071e+01, 6.25517151e+02, 8.26548615e+01, 5.85565857e+02,
       7.76100998e+01, 5.43415222e+02, 7.37037811e+01, 4.99741333e+02,
       7.09841766e+01, 4.55346100e+02, 6.92303772e+01, 4.10227203e+02,
       6.84492645e+01, 3.66049255e+02, 6.92441177e+01, 3.22402222e+02,
       7.07799072e+01, 3.86835999e+02, 3.71448517e+02, 3.48462067e+02,
       3.68704437e+02, 3.09704590e+02, 3.65849213e+02, 2.71116608e+02,
       3.62653992e+02, 2.33235153e+02, 3.59412506e+02, 1.96358917e+02,
       3.55888824e+02, 1.60632935e+02, 3.52268311e+02, 1.27037460e+02,
       3.48508698e+02, 9.54546738e+01, 3.44717438e+02, 3.89916107e+02,
       3.32938782e+02, 3.51421478e+02, 3.29999756e+02, 3.12605042e+02,
       3.26872650e+02, 2.73796539e+02, 3.23636536e+02, 2.35781311e+02,
       3.20409454e+02, 1.98773529e+02, 3.17210449e+02, 1.63033554e+02,
       3.13831879e+02, 1.29344116e+02, 3.10670166e+02, 9.75788727e+01,
       3.07549896e+02, 3.92978088e+02, 2.94229156e+02, 3.54531067e+02,
       2.90869781e+02, 3.15759125e+02, 2.87611938e+02, 2.77072998e+02,
       2.84427032e+02, 2.39132034e+02, 2.81326019e+02, 2.02108170e+02,
       2.78352234e+02, 1.66361450e+02, 2.75412506e+02, 1.32585403e+02,
       2.72680054e+02, 1.00881302e+02, 2.70261444e+02, 3.96111115e+02,
       2.55577759e+02, 3.57887756e+02, 2.51969849e+02, 3.19338745e+02,
       2.48581085e+02, 2.80752350e+02, 2.45386276e+02, 2.42881363e+02,
       2.42465240e+02, 2.06217194e+02, 2.39666580e+02, 1.70463425e+02,
       2.37278412e+02, 1.36881546e+02, 2.35087616e+02, 1.05229774e+02,
       2.33330688e+02, 3.98827240e+02, 2.18207718e+02, 3.61035828e+02,
       2.14414429e+02, 3.22953949e+02, 2.10807312e+02, 2.84793365e+02,
       2.07618927e+02, 2.47442429e+02, 2.04839844e+02, 2.10921921e+02,
       2.02377106e+02, 1.75638718e+02, 2.00340805e+02, 1.42361023e+02,
       1.98736755e+02, 1.11027634e+02, 1.97617432e+02, 4.01515350e+02,
       1.81997284e+02, 3.64311646e+02, 1.78006790e+02, 3.26706451e+02,
       1.74363007e+02, 2.89241302e+02, 1.71270584e+02, 2.52311630e+02,
       1.68550491e+02, 2.16421814e+02, 1.66361465e+02, 1.81454315e+02,
       1.64659988e+02, 1.48619781e+02, 1.63661362e+02, 1.17498138e+02,
       1.63031509e+02, 5.62880066e+02, 4.95534332e+02, 5.22669922e+02,
       4.93754395e+02, 4.80662842e+02, 4.91269897e+02, 4.37531860e+02,
       4.87674316e+02, 3.93914246e+02, 4.83433075e+02, 3.50441772e+02,
       4.78161438e+02, 3.07238800e+02, 4.72243011e+02, 2.65494385e+02,
       4.65664886e+02, 2.25386200e+02, 4.58637756e+02, 5.69548218e+02,
       4.55350098e+02, 5.28771545e+02, 4.52857025e+02, 4.86589966e+02,
       4.49790649e+02, 4.42869263e+02, 4.45891632e+02, 3.98884918e+02,
       4.41415710e+02, 3.54795074e+02, 4.36370148e+02, 3.11157349e+02,
       4.30514191e+02, 2.68919739e+02, 4.24389404e+02, 2.28391693e+02,
       4.17770752e+02, 5.75372559e+02, 4.13531769e+02, 5.34596069e+02,
       4.10499969e+02, 4.92013214e+02, 4.06783478e+02, 4.48258759e+02,
       4.02674927e+02, 4.03878357e+02, 3.98051819e+02, 3.59594604e+02,
       3.92908264e+02, 3.15587250e+02, 3.87464081e+02, 2.73164368e+02,
       3.81664764e+02, 2.32316254e+02, 3.75737244e+02, 5.80544678e+02,
       3.70874817e+02, 5.39779175e+02, 3.67173553e+02, 4.97273590e+02,
       3.63037842e+02, 4.53465240e+02, 3.58641113e+02, 4.08880920e+02,
       3.53870331e+02, 3.64676575e+02, 3.48877594e+02, 3.20427063e+02,
       3.43630737e+02, 2.77967285e+02, 3.38388947e+02, 2.36877457e+02,
       3.33027588e+02, 5.84318298e+02, 3.28408752e+02, 5.43802185e+02,
       3.24069885e+02, 5.01646240e+02, 3.19472168e+02, 4.58102570e+02,
       3.14700470e+02, 4.13962219e+02, 3.09897736e+02, 3.69861572e+02,
       3.05006653e+02, 3.26029846e+02, 3.00161591e+02, 2.83596680e+02,
       2.95523285e+02, 2.42867188e+02, 2.90798767e+02, 5.87209290e+02,
       2.86520966e+02, 5.47182861e+02, 2.81551300e+02, 5.05508911e+02,
       2.76508270e+02, 4.62449402e+02, 2.71576782e+02, 4.18794769e+02,
       2.66716858e+02, 3.75366943e+02, 2.62091888e+02, 3.31769714e+02,
       2.57443542e+02, 2.89913696e+02, 2.53243362e+02, 2.49340927e+02,
       2.49323013e+02, 5.87929382e+02, 4.38339661e+02, 5.54481995e+02,
       4.37057434e+02, 5.18505615e+02, 4.35294098e+02, 4.80362549e+02,
       4.33105133e+02, 4.40286865e+02, 4.30491943e+02, 3.98549164e+02,
