%YAML:1.0
---
calibration_time: "Tue 27 Mar 2018 01:05:38 PM UTC"
nframes: 18
image_width: 800
image_height: 600
board_width: 9
board_height: 6
square_size: 2.5000000372529030e-02
aspectRatio: 1.
flags: 2
camera_matrix: !!opencv-matrix
   rows: 3
   cols: 3
   dt: d
   data: [ 6.8384464957395880e+02, 0., 4.2912919728377409e+02, 0.,
       6.8384464957395880e+02, 3.0471126202186832e+02, 0., 0., 1. ]
distortion_coefficients: !!opencv-matrix
   rows: 5
   cols: 1
   dt: d
   data: [ -6.2960161792757408e-01, 8.4882685358870980e-01,
       2.2103934798748718e-03, -9.6354819048804687e-03,
       1.1430122268853598e+00 ]
avg_reprojection_error: 5.4727050777821729e-01
per_view_reprojection_errors: !!opencv-matrix
   rows: 18
   cols: 1
   dt: f
   data: [ 5.79140842e-01, 2.96563894e-01, 3.53780717e-01,
       3.73565763e-01, 3.39015782e-01, 1.92585379e-01, 1.06005490e+00,
       1.38225675e+00, 5.73998153e-01, 4.51704949e-01, 3.58271360e-01,
       4.64067221e-01, 2.57959038e-01, 3.01574707e-01, 3.76014650e-01,
       4.07153398e-01, 3.17196578e-01, 2.72323459e-01 ]
extrinsic_parameters: !!opencv-matrix
   rows: 18
   cols: 6
   dt: d
   data: [ -3.2962177853928631e-02, 9.0919465660608267e-01,
       -2.8850602097915847e+00, 9.7059045040704908e-02,
       9.3967666610667425e-02, 4.9818600767385013e-01,
       1.3181489867381035e-01, 3.9388473121838125e-01,
       -2.8506888735066971e+00, 7.2844154696596192e-02,
       1.2655236521461771e-01, 5.4483113326945698e-01,
       2.0284184163422986e-01, 5.3075602246000564e-01,
       -2.8148164886888387e+00, 7.1158834280640959e-02,
       1.2198505140154732e-01, 5.6519499901879122e-01,
       2.6856879381052223e-01, 5.6105621838056130e-01,
       -2.7851623774450420e+00, 6.8222413893523931e-02,
       1.1795857356801930e-01, 5.7548512138864016e-01,
       4.1265351174584108e-01, 4.4716737927928046e-01,
       -2.8475524775548977e+00, 7.1612105676440524e-02,
       1.0085632034914463e-01, 5.9134937319214853e-01,
       6.5977080936612240e-02, 5.5602891736525578e-02,
       -3.0050446533191697e+00, 8.1753659405455079e-02,
       7.1361908566580992e-02, 5.0702795951927671e-01,
       -1.0010672659367508e+00, -6.8822849137085707e-01,
       -2.8488644955355680e+00, -1.4456997815363882e-02,
       -1.8643864654775195e-02, 3.5323211040852243e-01,
       -1.0202256838244139e+00, -7.1241429186542093e-01,
       -2.8376245041974300e+00, -1.7665669221247106e-02,
       -2.1560137434576427e-02, 3.5114132589853642e-01,
       -8.4585117511611496e-01, -5.6183660839016569e-01,
       -2.7861372790058607e+00, -5.5227206418707632e-03,
       3.2027565970926097e-02, 3.6325442641595412e-01,
       1.1743483488351707e-01, 6.9303497970007522e-01,
       3.0254344451709891e+00, 9.9210690087921230e-02,
       2.3077289411564568e-02, 4.4274452309608736e-01,
       7.4873431993680517e-01, -8.2607125252312633e-02,
       -3.0156617208468770e+00, 7.4702318359044798e-02,
       6.8990800952269310e-02, 6.1574835444553344e-01,
       -8.3277902425538031e-01, -2.6191861275635619e-01,
       -2.8318357806635870e+00, -5.5656708559393385e-03,
       7.3762880942318101e-02, 4.2446900301528490e-01,
       -1.1036096619139935e-01, -3.7731165819988943e-01,
       -3.0329392469564285e+00, 8.2228318448693674e-02,
       6.7647818012227370e-02, 4.6037814971497171e-01,
       -9.4945655383864860e-02, -5.2215844085499974e-01,
       -3.0010272145303358e+00, 8.3522411320765558e-02,
       6.7347509332139302e-02, 4.6047071839936415e-01,
       -7.5156918179450860e-02, -6.6108803746055644e-01,
       -3.0065576978378479e+00, 8.7934969048795691e-02,
       5.2872299736577845e-02, 4.5978038591006082e-01,
       -9.4291658246433846e-02, -7.3814067042475018e-01,
       -2.9835731112135195e+00, 8.7236968152110683e-02,
       4.9156617940719308e-02, 4.5416347390332845e-01,
       -7.3262974216414159e-02, -5.5136286848977911e-01,
       -3.0176332914401880e+00, 8.7688100434124505e-02,
       5.9558292478374103e-02, 4.6324424840053025e-01,
       9.2828085534820165e-02, 3.4487511128435794e-01,
       -2.8706796024273697e+00, 7.4209385175778075e-02,
       1.2408903929701398e-01, 5.3335400557668533e-01 ]
