%YAML:1.0
---
calibration_time: "Tue 27 Mar 2018 01:03:17 PM UTC"
nframes: 19
image_width: 800
image_height: 600
board_width: 9
board_height: 6
square_size: 2.5000000372529030e-02
aspectRatio: 1.
flags: 2
camera_matrix: !!opencv-matrix
   rows: 3
   cols: 3
   dt: d
   data: [ 6.7420238489301369e+02, 0., 4.1180661376406238e+02, 0.,
       6.7420238489301369e+02, 3.0547381427869539e+02, 0., 0., 1. ]
distortion_coefficients: !!opencv-matrix
   rows: 5
   cols: 1
   dt: d
   data: [ -5.5726564827498837e-01, 3.8119652803010140e-01,
       -3.9682551647914841e-04, -2.5555796379150638e-03,
       -2.1011377208979842e-01 ]
avg_reprojection_error: 4.5617185764446505e-01
per_view_reprojection_errors: !!opencv-matrix
   rows: 19
   cols: 1
   dt: f
   data: [ 2.02312261e-01, 6.06742024e-01, 6.37372673e-01,
       8.55318785e-01, 4.61949408e-01, 7.18074083e-01, 7.30005264e-01,
       3.17048997e-01, 4.94814664e-01, 5.11400282e-01, 1.93599269e-01,
       2.48763219e-01, 3.15971941e-01, 2.03894794e-01, 2.83312112e-01,
       2.85271168e-01, 1.64793313e-01, 2.18578279e-01, 2.46376038e-01 ]
extrinsic_parameters: !!opencv-matrix
   rows: 19
   cols: 6
   dt: d
   data: [ 1.0158945598100146e-01, 4.9827164014775278e-02,
       3.1265161083590614e+00, 1.2435764249060820e-01,
       4.7170876875707014e-02, 4.9124665216181090e-01,
       -3.4793360813270258e-01, -2.4597976908795302e-01,
       -3.1046889450059871e+00, 8.1911667369368127e-02,
       5.6815551156546136e-02, 2.2616765624366511e-01,
       -5.5709267547565966e-01, 2.8967300893483849e-01,
       3.0352175266876511e+00, 1.1986517867171741e-01,
       4.1237016667914898e-02, 3.3784809560415019e-01,
       1.5645043444925608e-01, -1.0336948478831169e+00,
       -2.8474864434681662e+00, 1.1244831942297355e-01,
       6.3582550124392012e-02, 2.7843534104607404e-01,
       6.3903772061449413e-02, 5.5525467823958496e-01,
       -2.9625527512508585e+00, 1.2308431387122208e-01,
       8.3704667199562516e-02, 3.8412969324254076e-01,
       -8.7191491905132834e-01, -9.8391420818285991e-01,
       2.6142740952621302e+00, 9.8782640186637780e-02,
       -4.3913648291160304e-02, 5.3082248120753206e-01,
       -8.2130826643736854e-01, -4.7158731566872952e-01,
       -2.1094080053804767e+00, 7.1400189721365533e-03,
       7.6451331439890455e-02, 3.4270136497158699e-01,
       3.9190446920983203e-02, -3.1101445595083455e-01,
       -2.8424715884902212e+00, 9.8565702657893245e-02,
       5.8298927195832025e-02, 4.3870636504600730e-01,
       -4.5114016039667537e-01, 5.0756208003390790e-01,
       2.9800494243745463e+00, 9.7601776012169489e-02,
       -1.5704078440035244e-02, 4.7101924919888416e-01,
       -5.0393544690446423e-01, 4.4772813183657262e-01,
       2.7565042884369766e+00, 7.7273319147582537e-02,
       -5.5819054862409560e-02, 4.8821060545621831e-01,
       1.6531141171817501e-01, -3.5072778313367908e-01,
       3.0943646885378682e+00, 9.1406292665895839e-02,
       -4.5879080457175661e-02, 5.0738982147098277e-01,
       -2.7826168066964302e-01, -2.1276773117862327e-01,
       -3.0386906741509443e+00, 8.7010499535735586e-02,
       1.2909023453375426e-01, 3.9743073913732740e-01,
       -5.6683540243133534e-01, -5.8782496774804883e-04,
       -3.0351455950149329e+00, 1.4943275416921029e-01,
       8.3677230076929066e-02, 3.2353619700146491e-01,
       1.3389930287361948e-01, -1.2344569574532437e-01,
       -2.9639474572778042e+00, -1.2634232719827904e-01,
       4.2877485985579791e-02, 5.4406068983124733e-01,
       -1.3797280856552518e-01, -9.1047734782218490e-02,
       -3.0133689335428433e+00, -1.1422560304473578e-01,
       -8.1916522149986487e-02, 5.7480778367760799e-01,
       -3.2696148546089765e-01, -1.7591778397167157e-01,
       -3.0177559316103832e+00, 2.2447563840323811e-01,
       -3.8084528336650061e-02, 4.8253098772933561e-01,
       -4.4135307491193837e-01, -2.6106727537537994e-01,
       -2.9203783543209543e+00, 2.1042259086450496e-01,
       1.4316567926480941e-01, 4.0596378201842198e-01,
       1.0538870453827773e-01, -4.6364738341811471e-02,
       -2.8832218256552653e+00, -8.7035150210152248e-02,
       2.0727206173541862e-01, 5.3999316621288140e-01,
       -1.6059389822944314e-01, -2.5566854786629256e-01,
       -3.0153276179792186e+00, 1.1775110630459829e-01,
       9.6500006990808213e-02, 4.1325975166167545e-01 ]
