%YAML:1.0
---
calibration_time: "Tue 27 Mar 2018 12:33:00 PM UTC"
nframes: 8
image_width: 800
image_height: 600
board_width: 9
board_height: 6
square_size: 2.5000000372529030e-02
aspectRatio: 1.
flags: 2
camera_matrix: !!opencv-matrix
   rows: 3
   cols: 3
   dt: d
   data: [ 6.7331589846531483e+02, 0., 4.1521668320440102e+02, 0.,
       6.7331589846531483e+02, 3.0848174533364289e+02, 0., 0., 1. ]
distortion_coefficients: !!opencv-matrix
   rows: 5
   cols: 1
   dt: d
   data: [ -5.4054538999040258e-01, 3.0586991035287808e-01,
       -1.6295724861239091e-03, -4.3814549040535958e-03,
       -1.0689831304925029e-01 ]
avg_reprojection_error: 4.8229788374565230e-01
per_view_reprojection_errors: !!opencv-matrix
   rows: 8
   cols: 1
   dt: f
   data: [ 6.35588467e-01, 5.74179411e-01, 3.49986196e-01,
       4.28852797e-01, 4.34168875e-01, 6.05587423e-01, 3.82315367e-01,
       3.45581293e-01 ]
extrinsic_parameters: !!opencv-matrix
   rows: 8
   cols: 6
   dt: d
   data: [ 7.9539546456691895e-02, -5.6504713326366182e-02,
       -3.0738569312316644e+00, 9.4805877166197997e-02,
       6.8003610301813705e-02, 2.3760612834643743e-01,
       -6.8360628033871440e-02, -8.6023977283942965e-01,
       -2.8663720276753475e+00, 8.3824536011474701e-02,
       1.0455695636374303e-01, 2.8456063929791503e-01,
       2.1675896734712369e-01, -1.7540364349576554e-01,
       -2.9838755518215692e+00, -3.4946347459642439e-03,
       6.1805628999731091e-02, 3.2535836732318091e-01,
       4.1846794719452102e-02, -6.7689882682507335e-02,
       -3.0461830541271997e+00, 6.1196739063144524e-02,
       8.3187112015244234e-03, 3.0175974957338042e-01,
       -1.3901969986713139e-01, -1.2813443756449483e-01,
       -2.9806439684850896e+00, 1.4015391700390520e-01,
       7.1538410710733039e-02, 2.7167004390984595e-01,
       2.5485403144690438e-01, 2.2183758352200147e-01,
       3.1458767012535449e+00, 1.6592705171007283e-01,
       7.6256700844490078e-05, 2.4052417088620096e-01,
       -1.2146342326991137e-02, -3.9249901316698343e-01,
       -3.0463676556431030e+00, -4.7220519479247609e-02,
       1.1544391789162360e-01, 3.0947095386499412e-01,
       4.9696251747232517e-01, -4.8525994763915600e-02,
       -3.1062199497740206e+00, -4.9702840005220961e-02,
       -5.5904733952599060e-02, 4.1586327164217690e-01 ]
image_points: !!opencv-matrix
   rows: 8
   cols: 54
   dt: "2f"
   data: [ 6.50892151e+02, 4.77888611e+02, 5.96155334e+02,
       4.80587524e+02, 5.35364807e+02, 4.81757568e+02, 4.69607025e+02,
       4.81042755e+02, 4.01183533e+02, 4.78464722e+02, 3.32104065e+02,
       4.73820343e+02, 2.64305023e+02, 4.67228058e+02, 2.00668289e+02,
       4.59441162e+02, 1.42596313e+02, 4.50260284e+02, 6.59971497e+02,
       4.17905609e+02, 6.04558716e+02, 4.18119446e+02, 5.42815674e+02,
       4.17334564e+02, 4.75780121e+02, 4.15054047e+02, 4.05947540e+02,
       4.11677246e+02, 3.35312012e+02, 407., 2.65872711e+02,
       4.01107452e+02, 2.01019974e+02, 3.94390167e+02, 1.41662888e+02,
       3.87262360e+02, 6.66603638e+02, 3.54770264e+02, 6.11082886e+02,
       3.52438171e+02, 5.48882019e+02, 3.49270355e+02, 4.81292908e+02,
       3.45546326e+02, 4.10830109e+02, 3.41215179e+02, 3.39462677e+02,
       3.36526550e+02, 2.69252014e+02, 3.31427948e+02, 2.03624207e+02,
       3.26290771e+02, 1.43804016e+02, 3.21118378e+02, 6.70492249e+02,
       2.90605988e+02, 6.15351990e+02, 2.85381744e+02, 5.53440796e+02,
       2.80198761e+02, 4.86045502e+02, 2.74789429e+02, 4.15634064e+02,
       2.69815155e+02, 3.44486053e+02, 2.64937653e+02, 2.74312073e+02,
       2.60705048e+02, 2.08694382e+02, 2.57085632e+02, 1.48697296e+02,
       2.54340485e+02, 6.70359314e+02, 2.28212906e+02, 6.15919312e+02,
       2.20632278e+02, 5.55202576e+02, 2.13267639e+02, 4.89079712e+02,
       2.06603302e+02, 4.20041138e+02, 2.00824631e+02, 3.50104553e+02,
       1.96136734e+02, 2.81253265e+02, 1.92619537e+02, 2.16604675e+02,
       1.90820099e+02, 1.57441696e+02, 1.90040421e+02, 6.67645081e+02,
       1.69170685e+02, 6.14494629e+02, 1.59416595e+02, 5.55318115e+02,
       1.50380188e+02, 4.91040710e+02, 1.42539169e+02, 4.24026581e+02,
       1.36333725e+02, 3.56298065e+02, 1.31573380e+02, 2.89246399e+02,
       1.29081345e+02, 2.26329056e+02, 1.28456116e+02, 1.68301620e+02,
       1.29655243e+02, 5.90432068e+02, 5.28681946e+02, 5.41097900e+02,
       5.26212585e+02, 4.89174866e+02, 5.21989990e+02, 4.35845337e+02,
       5.16000793e+02, 3.82289948e+02, 5.08577057e+02, 3.29781189e+02,
       4.99696564e+02, 2.78664215e+02, 4.89713989e+02, 2.30725723e+02,
       4.78581421e+02, 1.85967484e+02, 4.67146515e+02, 5.95610657e+02,
       4.81571014e+02, 5.46973328e+02, 4.78355042e+02, 4.96330383e+02,
       4.73529846e+02, 4.43790741e+02, 4.67492065e+02, 3.91490448e+02,
       4.60333740e+02, 3.39639771e+02, 4.52100372e+02, 2.89440155e+02,
       4.42966888e+02, 2.41878998e+02, 4.33407013e+02, 1.97573334e+02,
       4.23288696e+02, 5.99286682e+02, 4.35344849e+02, 5.51931213e+02,
       4.31151520e+02, 5.02353821e+02, 4.26102112e+02, 4.51448730e+02,
       4.19862000e+02, 4.00203278e+02, 4.13207764e+02, 3.49729309e+02,
       4.05619690e+02, 3.00359253e+02, 3.97562195e+02, 2.53730148e+02,
       3.89118103e+02, 2.09842072e+02, 3.80521057e+02, 6.01775757e+02,
       3.90656555e+02, 5.55712402e+02, 3.85712189e+02, 5.07673370e+02,
       3.80298340e+02, 4.58100708e+02, 3.74313965e+02, 4.08559662e+02,
       3.68020569e+02, 3.59424194e+02, 3.61034393e+02, 3.11373383e+02,
       3.53874969e+02, 2.65598419e+02, 3.46476318e+02, 2.22545410e+02,
       3.39226746e+02, 6.02598999e+02, 3.49565674e+02, 5.58179321e+02,
       3.44355377e+02, 5.11749268e+02, 3.38611847e+02, 4.64180786e+02,
       3.32744476e+02, 4.16281006e+02, 3.26661224e+02, 3.68843414e+02,
       3.20306671e+02, 3.22280090e+02, 3.13852844e+02, 2.77837677e+02,
       3.07656036e+02, 2.35735565e+02, 3.01423462e+02, 6.02601135e+02,
       3.11323486e+02, 5.59789062e+02, 3.05689301e+02, 5.15275757e+02,
       2.99819946e+02, 4.69444885e+02, 2.94143372e+02, 4.23414642e+02,
       2.88403992e+02, 3.77724426e+02, 2.82371521e+02, 3.32712219e+02,
       2.76693420e+02, 2.89716553e+02, 2.71248047e+02, 2.48692261e+02,
       2.65878754e+02, 4.07374817e+02, 4.33588348e+02, 3.57431091e+02,
       4.26837463e+02, 3.07095398e+02, 4.19438568e+02, 2.57484314e+02,
       4.11161224e+02, 2.09610367e+02, 4.02509766e+02, 1.64346786e+02,
       3.93411102e+02, 1.21897850e+02, 3.84073608e+02, 8.34110947e+01,
       3.74748627e+02, 4.89459305e+01, 3.65585541e+02, 4.14738831e+02,
       3.84343140e+02, 3.64455811e+02, 3.77266327e+02, 3.14029816e+02,
       3.69567444e+02, 2.63962524e+02, 3.61478333e+02, 2.15792618e+02,
       3.53188995e+02, 1.70081451e+02, 3.44903625e+02, 1.27233154e+02,
       3.36530609e+02, 8.84124374e+01, 3.28495636e+02, 5.35502625e+01,
       3.20705750e+02, 4.21959045e+02, 3.34252716e+02, 3.71874420e+02,
       3.26621643e+02, 3.21434784e+02, 3.18959991e+02, 2.71400146e+02,
       3.11014740e+02, 2.23218079e+02, 3.03339783e+02, 1.77389389e+02,
       2.95758087e+02, 1.34390823e+02, 2.88536743e+02, 9.53850479e+01,
       2.81720673e+02, 6.03316956e+01, 2.75473145e+02, 4.29086060e+02,
       2.84279480e+02, 3.79468903e+02, 2.76317078e+02, 3.29340088e+02,
       2.68485931e+02, 2.79642151e+02, 2.60868927e+02, 2.31624268e+02,
       2.53783981e+02, 1.86081680e+02, 2.47065536e+02, 1.43158798e+02,
       2.40860611e+02, 1.04127869e+02, 2.35430893e+02, 6.88466263e+01,
       2.30607376e+02, 4.35486023e+02, 2.36129379e+02, 3.86656372e+02,
       2.27989273e+02, 3.37446136e+02, 2.20208832e+02, 2.88572510e+02,
       2.12918198e+02, 2.41251678e+02, 2.06404205e+02, 1.96128418e+02,
       2.00451721e+02, 1.53608017e+02, 1.95366074e+02, 1.14802505e+02,
       1.91224854e+02, 7.97409134e+01, 1.87778641e+02, 4.41427734e+02,
       1.90263840e+02, 3.93692993e+02, 1.81864502e+02, 3.45595123e+02,
       1.74189453e+02, 2.97749084e+02, 1.67309189e+02, 2.51376022e+02,
