%YAML:1.0
---
calibration_time: "Tue 27 Mar 2018 02:37:47 PM UTC"
nframes: 15
image_width: 800
image_height: 600
board_width: 4
board_height: 11
square_size: 1.
aspectRatio: 1.
flags: 2
camera_matrix: !!opencv-matrix
   rows: 3
   cols: 3
   dt: d
   data: [ 6.6627192118664584e+02, 0., 4.0425434087037451e+02, 0.,
       6.6627192118664584e+02, 3.0462395106348083e+02, 0., 0., 1. ]
distortion_coefficients: !!opencv-matrix
   rows: 5
   cols: 1
   dt: d
   data: [ -5.1899307967256669e-01, 2.7216378856973172e-01,
       -8.2881382210941372e-04, -3.0863844033193489e-04,
       -8.1542867982678222e-02 ]
avg_reprojection_error: 2.5902563782463134e-01
per_view_reprojection_errors: !!opencv-matrix
   rows: 15
   cols: 1
   dt: f
   data: [ 3.29117924e-01, 2.10500926e-01, 2.75360942e-01,
       3.87151092e-01, 3.18072826e-01, 2.86207438e-01, 1.95200965e-01,
       2.08144248e-01, 2.18653813e-01, 1.64895743e-01, 1.93841115e-01,
       2.21775725e-01, 2.76404500e-01, 2.30633125e-01, 2.68724531e-01 ]
extrinsic_parameters: !!opencv-matrix
   rows: 15
   cols: 6
   dt: d
   data: [ -2.6387501609845227e-02, -6.7037062055253671e-02,
       -1.4299820993112871e+00, -5.5276220885853888e+00,
       3.9949683011855854e+00, 1.5185058104442788e+01,
       -1.4857183226152987e-01, 2.3553100068275395e-01,
       -1.4554666338682343e+00, -1.9817175454016029e+00,
       5.0507313502294204e+00, 1.4549453020730239e+01,
       -2.1075610373726761e-01, 2.2189457778751909e-01,
       -1.4303341368235407e+00, -4.3681669427137493e+00,
       2.8489572912345400e+00, 1.5103347993766727e+01,
       -2.8001033213009174e-01, 3.0347983054386729e-01,
       -1.4296463656359066e+00, -7.2333432105640529e+00,
       2.2719336965071610e+00, 1.5775577199866024e+01,
       -2.1945850517004739e-01, 1.8093016683550842e-01,
       -1.3324603071709653e+00, -6.2001701004628496e+00,
       2.7466254964627659e+00, 1.6272452011333304e+01,
       2.7796567119135602e-02, 3.5875124633524921e-02,
       -1.5575509339589007e+00, -4.8914047647040393e+00,
       3.9623512199392428e+00, 1.6537835991399703e+01,
       -2.6963973321897378e-01, 3.3847114661223333e-03,
       -1.3700002299561522e+00, 1.5285419408490353e-01,
       4.5222510225283044e+00, 1.8258748293264862e+01,
       -1.4138231976213089e-01, -1.7212851068739898e-01,
       -1.4616108338073845e+00, 1.0949167846235972e+00,
       6.7997876707804732e+00, 1.7359663542832209e+01,
       1.1568646583005414e-01, -2.4535514438326780e-01,
       -1.4425429998093253e+00, -4.3495111024971909e+00,
       6.5543218511890000e+00, 1.6413996148629991e+01,
       1.0947119229390730e-01, -1.9958342446343788e-01,
       -1.4681667086156009e+00, -1.4288367362946110e+01,
       9.4177017402927063e+00, 2.0983483563804853e+01,
       7.4465158500424761e-02, -2.2047551898331244e-01,
       -1.4201395775135359e+00, -1.3940888941080971e+01,
       3.8105229417135154e+00, 1.9449437192507585e+01,
       1.1182780149571598e-02, -1.3333433488016147e-01,
       -1.4606293470710281e+00, -1.4025197957733798e+01,
       -2.9381780625249747e+00, 1.8717127213208066e+01,
       7.9429091221109832e-02, -1.5755022395429552e-01,
       -1.5329430233792114e+00, -3.6714344241091661e+00,
       -1.2221750534908060e+00, 1.8119997992041675e+01,
       -1.5094817446373754e-01, 1.8249590556076040e-01,
       -1.4730685620202328e+00, -2.8127831974205231e-01,
       3.8901377732345033e-02, 1.5719361429781468e+01,
       -1.3196115737949787e-01, 2.4829549049192118e-01,
       -1.4330069141470552e+00, -2.0514032498387165e+00,
       2.7176250556332806e+00, 1.4864164698458074e+01 ]
image_points: !!opencv-matrix
   rows: 15
   cols: 44
   dt: "2f"
   data: [ 1.84656708e+02, 4.63093414e+02, 1.90120651e+02,
       3.86803589e+02, 2.00249847e+02, 3.06223969e+02, 2.13515778e+02,
       2.26028793e+02, 2.23624817e+02, 4.33644867e+02, 2.32389847e+02,
       3.53269073e+02, 2.44472260e+02, 2.71095581e+02, 2.58618652e+02,
       1.91300842e+02, 2.59010925e+02, 4.79115631e+02, 2.66652679e+02,
       4.01096252e+02, 2.77762329e+02, 3.18301880e+02, 2.90787537e+02,
       2.35751785e+02, 3.02575958e+02, 4.48082855e+02, 3.12978394e+02,
       3.66317535e+02, 3.25197021e+02, 2.82370270e+02, 3.38514679e+02,
       2.00871460e+02, 3.39157288e+02, 4.93032410e+02, 3.49308105e+02,
       4.14110840e+02, 3.60937408e+02, 3.30457001e+02, 3.73126282e+02,
       2.46719284e+02, 3.85600922e+02, 4.60691254e+02, 3.97288239e+02,
       3.78584961e+02, 4.09209503e+02, 2.94368958e+02, 4.20963379e+02,
       2.12095840e+02, 4.21189117e+02, 5.03958374e+02, 4.33490509e+02,
       4.25570465e+02, 4.45563934e+02, 3.42085815e+02, 4.56814758e+02,
       2.58748444e+02, 4.68289032e+02, 4.70494995e+02, 4.81127808e+02,
       3.89419800e+02, 4.92753571e+02, 3.06142426e+02, 5.02807281e+02,
       2.24418915e+02, 5.00840179e+02, 5.11435455e+02, 5.15162170e+02,
       4.34848297e+02, 5.27543213e+02, 3.53079956e+02, 5.37613037e+02,
       2.71034515e+02, 5.46563721e+02, 4.77131744e+02, 5.60485107e+02,
       3.98646790e+02, 5.71529968e+02, 3.17633759e+02, 5.79861511e+02,
       2.37733994e+02, 5.74950867e+02, 5.15359314e+02, 5.90540771e+02,
       4.41284698e+02, 6.03108582e+02, 3.62772675e+02, 6.12361328e+02,
       2.83285553e+02, 3.19594147e+02, 5.20412598e+02, 3.24057312e+02,
       4.42102905e+02, 3.30814423e+02, 3.54479523e+02, 3.38727570e+02,
       2.62250702e+02, 3.62994293e+02, 4.91097656e+02, 3.70543152e+02,
       4.06223602e+02, 3.79276154e+02, 3.13982178e+02, 3.87855743e+02,
       2.19352402e+02, 4.01962921e+02, 5.37182251e+02, 4.10721710e+02,
       4.57498993e+02, 4.20615204e+02, 3.67050385e+02, 4.30392273e+02,
       2.71333984e+02, 4.50467804e+02, 5.06127319e+02, 4.62034637e+02,
       4.19854034e+02, 4.73330963e+02, 3.25084290e+02, 4.82730804e+02,
       2.27817413e+02, 4.88306519e+02, 5.50618835e+02, 5.02138184e+02,
       4.70542297e+02, 5.15306213e+02, 3.79141083e+02, 5.26454529e+02,
       2.81815979e+02, 5.39639648e+02, 5.17452393e+02, 5.55496521e+02,
       4.31468384e+02, 5.68929443e+02, 3.36462555e+02, 5.78833191e+02,
       2.38181396e+02, 5.73639282e+02, 5.59041565e+02, 5.92350830e+02,
       4.80190491e+02, 6.08693054e+02, 3.89728546e+02, 6.21063538e+02,
       2.92892944e+02, 6.24823608e+02, 5.24160461e+02, 6.44396606e+02,
       4.39920807e+02, 6.59864441e+02, 3.46826996e+02, 6.69725342e+02,
       2.50152328e+02, 6.52337708e+02, 5.61866150e+02, 6.75103943e+02,
       4.85625732e+02, 6.93945068e+02, 3.97928497e+02, 7.07012512e+02,
       3.03859131e+02, 7.00367859e+02, 5.25510803e+02, 7.22612976e+02,
       4.44854767e+02, 7.39343140e+02, 3.55660736e+02, 7.48824707e+02,
       2.62816498e+02, 7.20287598e+02, 5.59098450e+02, 7.45463623e+02,
       4.86369934e+02, 7.65731384e+02, 4.03351959e+02, 7.78891479e+02,
       3.14172791e+02, 2.22984528e+02, 4.22898315e+02, 2.28677475e+02,
       3.41533539e+02, 2.38836426e+02, 2.56711304e+02, 2.51333115e+02,
       1.73182251e+02, 2.60945221e+02, 3.91071411e+02, 2.69801697e+02,
       3.04718323e+02, 2.81673248e+02, 2.17269730e+02, 2.94566895e+02,
       1.33479904e+02, 2.96002655e+02, 4.41281647e+02, 3.03804962e+02,
       3.55459229e+02, 3.14986725e+02, 2.65376648e+02, 3.27705322e+02,
       1.76624466e+02, 3.40458191e+02, 4.07636810e+02, 3.51172485e+02,
       3.16706787e+02, 3.63697723e+02, 2.24178345e+02, 3.76027222e+02,
       1.35867752e+02, 3.78818207e+02, 4.59554230e+02, 3.89583832e+02,
       3.70088287e+02, 4.01832855e+02, 2.75654236e+02, 4.13965607e+02,
       1.82547287e+02, 4.29033142e+02, 4.24098511e+02, 4.41833191e+02,
       3.29679749e+02, 4.54376831e+02, 2.33452484e+02, 4.65040771e+02,
       1.41353836e+02, 4.68521545e+02, 4.76160919e+02, 4.82576721e+02,
       3.84620300e+02, 4.95757721e+02, 2.87351227e+02, 5.06939117e+02,
       1.91166565e+02, 5.22337097e+02, 4.38927032e+02, 5.37295044e+02,
       3.42932617e+02, 5.49455566e+02, 2.44575348e+02, 5.57897522e+02,
       1.50290939e+02, 5.59723328e+02, 4.89573395e+02, 5.77251587e+02,
